511
1 4
52 63 91 115
2 4
447 448 450 451
3 5
26 72 83 92 108
4 6
64 70 92 108 118 163
5 6
36 46 125 128 129 154
6 4
47 51 110 156
7 9
82 99 113 121 126 153 283 285 301
8 6
23 43 74 104 130 164
9 2
41 42
10 7
49 80 85 86 95 111 133
11 4
28 46 48 167
12 5
54 63 98 112 115
13 3
90 115 511
14 4
16 33 51 110
15 5
84 85 89 95 165
16 7
14 20 33 45 110 117 155
17 6
23 76 106 117 155 158
18 9
35 182 190 191 201 254 256 473 481
19 4
41 43 157 170
20 6
16 45 65 79 93 155
21 5
36 127 129 150 171
22 5
36 102 116 125 150
23 6
8 17 74 104 106 155
24 3
52 91 101
25 4
28 72 87 92
26 8
3 50 66 72 83 106 158 167
27 5
67 78 87 92 468
28 6
11 25 46 72 87 167
29 5
35 176 182 202 483
30 5
47 77 91 101 152
31 6
53 61 111 131 136 171
32 8
49 62 73 77 89 96 97 152
33 7
14 16 45 51 69 75 156
34 5
53 86 111 133 159
35 7
18 29 178 182 202 219 254
36 6
5 21 22 125 129 150
37 5
55 207 228 255 256
38 7
177 207 228 229 239 253 255
39 5
67 102 120 464 468
40 5
55 178 239 240 254
41 4
9 19 42 43
42 4
9 41 43 164
43 9
8 19 41 42 44 71 74 157 164
44 6
43 50 71 82 121 157
45 6
16 20 33 69 79 169
46 8
5 11 28 48 87 120 125 154
47 7
6 30 68 77 101 110 114
48 5
11 46 103 154 167
49 6
10 32 73 80 89 95
50 8
26 44 71 82 83 106 108 163
51 5
6 14 33 110 156
52 3
1 24 91
53 5
31 34 111 131 159
54 6
12 62 89 98 112 152
55 6
37 40 239 254 255 256
56 5
119 261 265 342 343
57 5
60 257 258 337 391
58 5
59 259 260 263 455
59 4
58 119 259 261
60 2
57 258
61 6
31 100 111 128 129 171
62 4
32 54 89 152
63 6
1 12 91 112 115 152
64 4
4 70 78 92
65 3
20 79 93
66 5
26 76 122 158 167
67 5
27 39 87 120 468
68 6
47 76 77 96 109 110
69 6
33 45 75 88 105 169
70 8
4 64 78 118 199 209 274 468
71 5
43 44 50 74 106
72 6
3 25 26 28 92 167
73 6
32 49 80 97 100 103
74 5
8 23 43 71 106
75 5
33 69 88 105 156
76 8
17 66 68 109 110 117 122 158
77 6
30 32 47 68 96 152
78 5
27 64 70 92 468
79 3
20 45 65
80 5
10 49 73 100 111
81 6
132 133 159 165 168 511
82 7
7 44 50 121 126 163 166
83 4
3 26 50 108
84 4
15 85 133 165
85 5
10 15 84 95 133
86 4
10 34 111 133
87 7
25 27 28 46 67 92 120
88 3
69 75 105
89 9
15 32 49 54 62 95 98 165 511
90 4
13 98 115 511
91 7
1 24 30 52 63 101 152
92 9
3 4 25 27 64 72 78 87 108
93 4
20 65 104 155
94 4
100 103 128 154
95 5
10 15 49 85 89
96 5
32 68 77 97 109
97 6
32 73 96 103 109 167
98 6
12 54 89 90 115 511
99 8
7 118 126 153 163 166 296 299
100 7
61 73 80 94 103 111 128
101 5
24 30 47 91 114
102 7
22 39 116 120 125 134 464
103 7
48 73 94 97 100 154 167
104 5
8 23 93 130 155
105 4
69 75 88 169
106 7
17 23 26 50 71 74 158
107 5
170 302 338 389 392
108 6
3 4 50 83 92 163
109 6
68 76 96 97 122 167
110 8
6 14 16 47 51 68 76 117
111 8
10 31 34 53 61 80 86 100
112 4
12 54 63 152
113 6
7 121 157 170 285 302
114 2
47 101
115 6
1 12 13 63 90 98
116 5
22 102 127 134 150
117 5
16 17 76 110 155
118 6
4 70 99 163 274 296
119 5
56 59 259 261 265
120 6
39 46 67 87 102 125
121 5
7 44 82 113 157
122 4
66 76 109 167
123 6
138 139 143 471 477 479
124 5
161 274 296 303 304
125 6
5 22 36 46 102 120
126 4
7 82 99 166
127 11
21 116 134 135 136 138 141 143 150 171 464
128 6
5 61 94 100 129 154
129 6
5 21 36 61 128 171
130 3
8 104 164
131 5
31 53 132 136 159
132 4
81 131 159 168
133 8
10 34 81 84 85 86 159 165
134 4
102 116 127 464
135 4
127 136 141 142
136 5
31 127 131 135 171
137 7
139 144 233 269 270 465 476
138 6
123 127 139 141 143 144
139 6
123 137 138 144 465 471
140 4
144 266 267 269
141 5
127 135 138 142 144
142 4
135 141 144 266
143 6
123 127 138 464 474 479
144 8
137 138 139 140 141 142 266 269
145 4
148 149 208 275
146 3
147 272 273
147 4
146 177 239 273
148 4
145 208 275 425
149 5
145 208 239 271 273
150 5
21 22 36 116 127
151 5
153 161 299 301 305
152 8
30 32 54 62 63 77 91 112
153 5
7 99 151 299 301
154 6
5 46 48 94 103 128
155 7
16 17 20 23 93 104 117
156 4
6 33 51 75
157 6
19 43 44 113 121 170
158 5
17 26 66 76 106
159 6
34 53 81 131 132 133
160 7
209 217 225 461 462 468 480
161 8
124 151 295 296 299 303 305 451
162 6
286 288 297 306 390 394
163 7
4 50 82 99 108 118 166
164 4
8 42 43 130
165 6
15 81 84 89 133 511
166 4
82 99 126 163
167 10
11 26 28 48 66 72 97 103 109 122
168 3
81 132 511
169 3
45 69 105
170 5
19 107 113 157 302
171 6
21 31 61 127 129 136
172 7
175 181 183 185 187 188 414
173 5
231 233 238 469 476
174 4
181 184 186 194
175 7
172 180 188 189 411 414 419
176 9
29 202 208 219 240 345 425 483 489
177 5
38 147 229 239 246
178 5
35 40 219 240 254
179 4
180 193 422 423
180 7
175 179 188 189 193 423 428
181 8
172 174 183 186 188 194 308 310
182 6
18 29 35 190 483 497
183 4
172 181 185 194
184 6
174 186 187 192 194 492
185 4
172 183 187 194
186 7
174 181 184 198 224 310 492
187 7
172 184 185 192 194 414 415
188 8
172 175 180 181 193 307 308 324
189 7
175 180 396 411 418 428 505
190 5
18 182 191 201 497
191 3
18 190 201
192 6
184 187 398 413 415 492
193 6
179 180 188 314 321 324
194 6
174 181 183 184 185 187
195 6
211 216 218 222 449 452
196 2
197 218
197 5
196 210 212 218 223
198 9
186 203 205 206 210 215 224 310 316
199 8
70 209 211 274 303 304 450 451
200 4
204 214 222 225
201 6
18 190 191 400 473 497
202 4
29 35 176 219
203 4
198 210 223 224
204 5
200 209 211 222 225
205 4
198 206 316 319
206 5
198 205 215 319 320
207 5
37 38 228 255 256
208 7
145 148 149 176 239 240 425
209 7
70 160 199 204 211 225 468
210 6
197 198 203 215 218 223
211 7
195 199 204 209 222 449 450
212 6
197 214 217 218 223 224
213 7
217 220 224 467 496 498 500
214 6
200 212 217 218 222 225
215 8
198 206 210 216 218 320 446 452
216 4
195 215 218 452
217 10
160 212 213 214 224 225 463 467 475 480
218 9
195 196 197 210 212 214 215 216 222
219 5
35 176 178 202 240
220 3
213 224 498
221 5
276 288 295 297 451
222 6
195 200 204 211 214 218
223 5
197 203 210 212 224
224 10
186 198 203 212 213 217 220 223 492 498
225 6
160 200 204 209 214 217
226 5
232 238 245 250 469
227 3
235 236 247
228 5
37 38 207 253 256
229 6
38 177 232 246 247 253
230 7
235 237 241 242 245 249 250
231 9
173 233 238 242 243 244 252 268 270
232 7
226 229 241 245 247 253 469
233 6
137 173 231 252 270 476
234 2
248 251
235 5
227 230 241 247 249
236 3
227 246 247
237 7
230 242 248 249 251 356 359
238 6
173 226 231 242 250 469
239 10
38 40 55 147 149 177 208 240 255 273
240 6
40 176 178 208 219 239
241 5
230 232 235 245 247
242 7
230 231 237 238 244 248 250
243 3
231 244 268
244 4
231 242 243 248
245 5
226 230 232 241 250
246 4
177 229 236 247
247 7
227 229 232 235 236 241 246
248 5
234 237 242 244 251
249 3
230 235 237
250 5
226 230 238 242 245
251 4
234 237 248 356
252 3
231 233 270
253 6
38 228 229 232 256 469
254 6
18 35 40 55 178 256
255 5
37 38 55 207 239
256 9
18 37 55 207 228 253 254 469 481
257 7
57 258 259 260 265 337 344
258 5
57 60 257 260 264
259 6
58 59 119 257 260 265
260 7
58 257 258 259 262 263 264
261 3
56 59 119
262 5
260 263 264 455 458
263 4
58 260 262 455
264 3
258 260 262
265 7
56 119 257 259 336 343 344
266 4
140 142 144 267
267 4
140 266 268 269
268 5
231 243 267 269 270
269 6
137 140 144 267 268 270
270 6
137 231 233 252 268 269
271 3
149 272 273
272 3
146 271 273
273 6
146 147 149 239 271 272
274 6
70 118 124 199 296 304
275 3
145 148 425
276 2
221 297
277 8
280 284 292 294 300 405 420 429
278 5
282 287 289 402 409
279 5
281 282 287 294 427
280 6
277 293 294 298 405 424
281 8
279 282 289 290 293 294 298 424
282 5
278 279 281 287 289
283 4
7 285 301 306
284 4
277 291 292 300
285 6
7 113 283 286 302 306
286 6
162 285 302 306 338 390
287 5
278 279 282 409 427
288 5
162 221 295 297 306
289 6
278 281 282 290 345 402
290 4
281 289 345 424
291 2
284 300
292 4
277 284 420 422
293 4
280 281 294 298
294 7
277 279 280 281 293 420 427
295 6
161 221 288 305 306 451
296 7
99 118 124 161 274 299 304
297 6
162 221 276 288 385 394
298 4
280 281 293 424
299 5
99 151 153 161 296
300 5
277 284 291 405 429
301 6
7 151 153 283 305 306
302 6
107 113 170 285 286 338
303 5
124 161 199 304 451
304 5
124 199 274 296 303
305 5
151 161 295 301 306
306 8
162 283 285 286 288 295 301 305
307 4
188 308 309 324
308 9
181 188 307 309 310 312 315 322 325
309 4
307 308 324 325
310 6
181 186 198 308 315 316
311 6
312 318 322 352 353 443
312 6
308 311 314 318 322 325
313 5
326 328 333 335 340
314 6
193 312 318 321 324 325
315 6
308 310 316 317 322 443
316 6
198 205 310 315 317 319
317 5
315 316 319 323 443
318 5
311 312 314 321 352
319 6
205 206 316 317 320 323
320 6
206 215 319 323 434 446
321 3
193 314 318
322 5
308 311 312 315 443
323 5
317 319 320 434 443
324 6
188 193 307 309 314 325
325 5
308 309 312 314 324
326 3
313 328 333
327 1
330
328 5
313 326 333 334 340
329 4
331 334 340 349
330 5
327 332 341 347 349
331 5
329 335 340 346 349
332 3
330 334 349
333 5
313 326 328 334 335
334 6
328 329 332 333 340 349
335 7
313 331 333 340 346 351 355
336 5
265 343 344 390 393
337 5
57 257 339 344 391
338 5
107 286 302 390 392
339 7
337 344 376 380 382 391 393
340 6
313 328 329 331 334 335
341 1
330
342 5
56 343 389 390 392
343 5
56 265 336 342 390
344 6
257 265 336 337 339 393
345 9
176 289 290 350 402 424 425 489 499
346 6
331 335 347 349 351 355
347 5
330 346 349 351 355
348 7
350 397 401 402 409 421 427
349 7
329 330 331 332 334 346 347
350 7
345 348 402 404 421 426 499
351 4
335 346 347 355
352 5
311 318 353 432 442
353 7
311 352 430 431 434 442 443
354 5
434 437 439 440 444
355 4
335 346 347 351
356 5
237 251 359 360 365
357 6
363 366 367 368 369 372
358 4
359 365 368 369
359 4
237 356 358 365
360 3
356 365 370
361 4
362 364 367 371
362 3
361 364 371
363 4
357 367 371 372
364 2
361 362
365 6
356 358 359 360 368 370
366 3
357 367 369
367 5
357 361 363 366 371
368 6
357 358 365 369 370 372
369 4
357 358 366 368
370 3
360 365 368
371 4
361 362 363 367
372 3
357 363 368
373 3
375 379 387
374 6
377 381 385 387 388 394
375 6
373 376 379 386 387 388
376 6
339 375 379 380 386 393
377 5
374 386 388 393 394
378 3
383 384 385
379 4
373 375 376 380
380 4
339 376 379 382
381 4
374 384 385 387
382 3
339 380 391
383 2
378 384
384 4
378 381 383 385
385 6
297 374 378 381 384 394
386 5
375 376 377 388 393
387 5
373 374 375 381 388
388 5
374 375 377 386 387
389 3
107 342 392
390 9
162 286 336 338 342 343 392 393 394
391 4
57 337 339 382
392 5
107 338 342 389 390
393 8
336 339 344 376 377 386 390 394
394 7
162 297 374 377 385 390 393
395 6
401 420 422 423 427 428
396 6
189 404 421 428 505 507
397 3
348 401 427
398 5
192 413 466 488 492
399 8
407 408 416 466 483 486 493 499
400 7
201 473 485 493 494 497 502
401 6
348 395 397 421 427 428
402 6
278 289 345 348 350 409
403 2
424 425
404 6
350 396 410 421 426 507
405 5
277 280 300 424 429
406 4
488 492 495 501
407 7
399 408 410 426 499 506 507
408 6
399 407 416 417 503 506
409 5
278 287 348 402 427
410 4
404 407 426 507
411 5
175 189 418 419 504
412 4
416 417 418 505
413 6
192 398 414 415 466 504
414 7
172 175 187 413 415 419 504
415 4
187 192 413 414
416 7
399 408 412 417 418 466 504
417 7
408 412 416 503 505 506 508
418 6
189 411 412 416 504 505
419 4
175 411 414 504
420 6
277 292 294 395 422 427
421 6
348 350 396 401 404 428
422 5
179 292 395 420 423
423 5
179 180 395 422 428
424 9
280 281 290 298 345 403 405 425 429
425 7
148 176 208 275 345 403 424
426 5
350 404 407 410 499
427 9
279 287 294 348 395 397 401 409 420
428 7
180 189 395 396 401 421 423
429 4
277 300 405 424
430 5
353 431 435 439 442
431 4
353 430 434 439
432 4
352 441 442 445
433 4
435 437 438 440
434 9
320 323 353 354 431 439 443 444 446
435 6
430 433 438 439 440 442
436 4
437 438 441 445
437 7
354 433 436 438 440 441 444
438 6
433 435 436 437 442 445
439 6
354 430 431 434 435 440
440 5
354 433 435 437 439
441 5
432 436 437 444 445
442 7
352 353 430 432 435 438 445
443 7
311 315 317 322 323 353 434
444 5
354 434 437 441 446
445 5
432 436 438 441 442
446 8
215 320 434 444 447 448 452 453
447 3
2 446 448
448 6
2 446 447 449 450 453
449 6
195 211 448 450 452 453
450 6
2 199 211 448 449 451
451 7
2 161 199 221 295 303 450
452 6
195 215 216 446 449 453
453 4
446 448 449 452
454 4
456 457 459 460
455 5
58 262 263 458 459
456 2
454 457
457 3
454 456 460
458 4
262 455 459 460
459 4
454 455 458 460
460 4
454 457 458 459
461 5
160 462 470 477 480
462 6
160 461 464 468 470 479
463 4
217 472 475 480
464 9
39 102 127 134 143 462 468 474 479
465 5
137 139 471 476 478
466 7
398 399 413 416 486 488 504
467 6
213 217 473 475 482 496
468 9
27 39 67 70 78 160 209 462 464
469 8
173 226 232 238 253 256 476 481
470 4
461 462 477 479
471 6
123 139 465 472 477 478
472 6
463 471 475 477 478 480
473 9
18 201 400 467 475 481 482 487 494
474 3
143 464 479
475 7
217 463 467 472 473 478 481
476 7
137 173 233 465 469 478 481
477 7
123 461 470 471 472 479 480
478 6
465 471 472 475 476 481
479 7
123 143 462 464 470 474 477
480 6
160 217 461 463 472 477
481 7
18 256 469 473 475 476 478
482 7
467 473 485 487 491 494 496
483 8
29 176 182 399 489 493 497 499
484 6
485 491 495 498 500 501
485 7
400 482 484 491 494 501 502
486 5
399 466 488 490 493
487 3
473 482 494
488 7
398 406 466 486 490 492 501
489 4
176 345 483 499
490 5
486 488 493 501 502
491 5
482 484 485 496 500
492 9
184 186 192 224 398 406 488 495 498
493 7
399 400 483 486 490 497 502
494 5
400 473 482 485 487
495 5
406 484 492 498 501
496 5
213 467 482 491 500
497 6
182 190 201 400 483 493
498 7
213 220 224 484 492 495 500
499 7
345 350 399 407 426 483 489
500 5
213 484 491 496 498
501 7
406 484 485 488 490 495 502
502 5
400 485 490 493 501
503 4
408 417 506 508
504 7
411 413 414 416 418 419 466
505 7
189 396 412 417 418 506 507
506 7
407 408 417 503 505 507 508
507 6
396 404 407 410 505 506
508 3
417 503 506
509 1
510
510 1
509
511 7
13 81 89 90 98 165 168
